## Question 1a
### Life A
as.Date("1992-06-20")-as.Date("1992-03-17")
as.Date("1993-03-17")-as.Date("1992-06-20")
1992-1964
E30<-0
E30<-E30+1
E30
### Life B
as.Date("1992-12-18")-as.Date("1992-05-06")
as.Date("1993-05-06")-as.Date("1992-08-06")
1992-1964
d30<-0
### Life C
as.Date("1992-12-18")-as.Date("1992-08-12")
as.Date("1993-08-12")-as.Date("1992-12-18")
1992-1964
E30<-E30+1
E30
### Life D

as.Date("1993-01-04")-as.Date("1992-10-27")

as.Date("1993-10-27")-as.Date("1993-01-04")


1992-1964

E30<-E30+1
E30


### Life E

as.Date("1993-04-28")-as.Date("1993-01-04")

as.Date("1994-01-04")-as.Date("1993-04-28")

1993-1965

E30<-E30+1
E30
### Life F

as.Date("1993-06-16")-as.Date("1993-04-18")

as.Date("1994-04-18")-as.Date("1993-12-18")

1993-1965

as.Date("1993-10-29")-as.Date("1993-05-20")



1993-1965

E30<-E30+1
E30


d30<-d30+1
d30


### Life H

as.Date("1994-02-16")-as.Date("1993-07-04")

as.Date("1994-07-04")-as.Date("1994-02-16")

1994-1965

E30<-E30+1
E30

### Life I

E30<-E30+1
E30

### Life J

d30<-d30+1
d30

E30<-E30+1
E30

q30<-d30/E30
q30

